time,pitch,roll
1487475883853,5.6808014,-86.07633
1487475883855,5.6713743,-86.0764
1487475883862,5.6615863,-86.07126
1487475883863,5.6521564,-86.07133
1487475883872,5.642365,-86.066185
1487475883874,5.6329346,-86.06625
1487475883881,5.6325746,-86.06104
1487475883883,5.632214,-86.05583
1487475883892,5.641284,-86.05055
1487475883893,5.6409206,-86.05007
1487475883903,5.649987,-86.044785
1487475883907,5.6496234,-86.03958
1487475883911,5.648892,-86.033875
1487475883912,5.648525,-86.02867
1487475883924,5.6387277,-86.02354
1487475883925,5.62893,-86.02312
1487475883931,5.609693,-86.01806
1487475883933,5.599889,-86.01765
1487475883941,5.590085,-86.01252
1487475883943,5.5802784,-86.01211
1487475883953,5.579904,-86.01163
1487475883955,5.5791564,-86.01066
1487475883961,5.5787826,-86.010185
1487475883962,5.5784044,-86.0097
1487475883971,5.5780272,-86.00921
1487475883973,5.57765,-86.008736
1487475883981,5.5772724,-86.003525
1487475883982,5.576892,-86.003044
1487475883991,5.576892,-86.003044
1487475883993,5.5765104,-86.002556
1487475884003,5.566694,-85.99744
1487475884008,5.5663133,-85.99223
1487475884010,5.556877,-85.99232
1487475884012,5.5659285,-85.98703
1487475884021,5.565544,-85.98182
1487475884022,5.565544,-85.98182
1487475884030,5.5749807,-85.98174
1487475884032,5.565544,-85.98655
1487475884040,5.565544,-85.98655
1487475884042,5.5561085,-85.98663
1487475884053,5.5561085,-85.98191
1487475884055,5.547057,-85.9872
1487475884060,5.547441,-85.98768
1487475884061,5.547822,-85.99288
1487475884070,5.5580196,-85.99848
1487475884072,5.5678363,-85.998886
1487475884080,5.5678363,-85.994156
1487475884081,5.5772724,-85.99408
1487475884090,5.5772724,-85.98936
1487475884092,5.576892,-85.98415
1487475884103,5.567075,-85.97902
1487475884105,5.557258,-85.97862
1487475884109,5.556877,-85.97815
1487475884111,5.547057,-85.97302
1487475884120,5.5372334,-85.972626
1487475884122,5.5274105,-85.97697
1487475884129,5.517587,-85.97657
1487475884131,5.497932,-85.97579
1487475884139,5.4881024,-85.97541
1487475884141,5.477882,-85.969826
1487475884149,5.4771,-85.96415
1487475884152,5.4668727,-85.958565
1487475884159,5.456639,-85.95299
1487475884161,5.4464016,-85.94741
1487475884171,5.4361615,-85.94184
1487475884173,5.416471,-85.93637
1487475884179,5.406221,-85.92607
1487475884180,5.415267,-85.9255
1487475884189,5.4243097,-85.924934
1487475884191,5.4243097,-85.929665
1487475884199,5.4333487,-85.92909
1487475884200,5.432944,-85.92862
1487475884209,5.432944,-85.93336
1487475884211,5.4234996,-85.93346
1487475884220,5.4140525,-85.93356
1487475884225,5.4140525,-85.93356
1487475884229,5.4140525,-85.928825
1487475884230,5.4046054,-85.92893
1487475884238,5.3951583,-85.92903
1487475884240,5.3762608,-85.92451
1487475884248,5.356956,-85.91479
1487475884250,5.3286004,-85.915085
1487475884258,5.3191476,-85.915184
1487475884260,5.3191476,-85.915184
1487475884270,5.3191476,-85.915184
1487475884272,5.3187394,-85.91473
1487475884279,5.309287,-85.91483
1487475884280,5.2994227,-85.90974
1487475884288,5.280103,-85.909485
1487475884290,5.27024,-85.9044
1487475884298,5.260781,-85.91397
1487475884301,5.241452,-85.91373
1487475884311,5.2315826,-85.913376
1487475884313,5.2217097,-85.91777
1487475884320,5.2114215,-85.91698
1487475884327,5.2015452,-85.92138
1487475884329,5.191669,-85.92577
1487475884337,5.1813717,-85.92499
1487475884339,5.1809535,-85.92454
1487475884347,5.1801167,-85.923645
1487475884349,5.1887374,-85.927376
1487475884357,5.178429,-85.9266
1487475884359,5.178004,-85.93562
1487475884370,5.1771536,-85.93473
1487475884372,5.166836,-85.93396
1487475884377,5.1565146,-85.93319
1487475884378,5.1457577,-85.927246
1487475884387,5.1354265,-85.92648
1487475884389,5.1250887,-85.92573
1487475884397,5.114751,-85.920235
1487475884398,5.1048455,-85.91993
1487475884407,5.0949364,-85.91488
1487475884408,5.0850277,-85.90983
1487475884419,5.0841465,-85.89472
1487475884421,5.0742345,-85.88969
1487475884426,5.064323,-85.884636
1487475884428,5.0634346,-85.874275
1487475884437,5.0535164,-85.86923
1487475884438,5.052625,-85.85887
1487475884447,5.042254,-85.85814
1487475884448,5.0413556,-85.85252
1487475884456,5.030978,-85.856544
1487475884458,5.030073,-85.855675
1487475884469,5.019689,-85.859695
1487475884471,5.0088425,-85.853806
1487475884476,4.998448,-85.85309
1487475884477,4.9966,-85.837135
1487475884486,4.9857297,-85.83125
1487475884488,4.983858,-85.820045
1487475884496,4.981972,-85.80884
1487475884498,4.970598,-85.79779
1487475884506,4.9592075,-85.78675
1487475884508,4.9378414,-85.76596
1487475884519,4.916939,-85.755104
1487475884521,4.8955297,-85.73434
1487475884526,4.883578,-85.71341
1487475884528,4.8815866,-85.70223
1487475884536,4.8795815,-85.69106
1487475884538,4.877055,-85.679474
1487475884545,4.8750196,-85.6683
1487475884547,4.862972,-85.65689
1487475884556,4.8514214,-85.65066
1487475884557,4.8298535,-85.639465
1487475884569,4.808255,-85.62829
1487475884573,4.7861056,-85.61671
1487475884576,4.764457,-85.610306
1487475884577,4.7617636,-85.603516
1487475884588,4.749016,-85.59653
1487475884589,4.746826,-85.5949
1487475884595,4.734582,-85.59309
1487475884597,4.731803,-85.58631
1487475884605,4.720073,-85.589676
1487475884607,4.7083297,-85.58829
1487475884619,4.6965733,-85.58216
1487475884621,4.6948667,-85.580956
1487475884625,4.69315,-85.57975
1487475884626,4.6920023,-85.5837
1487475884636,4.6807837,-85.5875
1487475884638,4.6695514,-85.586555
1487475884644,4.658313,-85.58084
1487475884646,4.656562,-85.57965
1487475884655,4.6458955,-85.57911
1487475884656,4.644131,-85.57793
1487475884664,4.6328654,-85.57699
1487475884666,4.6215897,-85.576065
1487475884674,4.600806,-85.57541
1487475884676,4.5800133,-85.57476
1487475884685,4.559814,-85.57926
1487475884690,4.548505,-85.57837
1487475884694,4.5276823,-85.58251
1487475884696,4.507464,-85.591805
1487475884704,4.4872317,-85.60111
1487475884707,4.4663873,-85.600525
1487475884714,4.455039,-85.60443
1487475884716,4.4436803,-85.613106
1487475884724,4.432315,-85.62179
1487475884726,4.4203196,-85.62058
1487475884736,4.408307,-85.62414
1487475884738,4.405793,-85.62741
1487475884743,4.3937535,-85.62622
1487475884745,4.372189,-85.63011
1487475884754,4.3506045,-85.62924
1487475884756,4.329651,-85.63352
1487475884763,4.308037,-85.63269
1487475884767,4.27754,-85.63731
1487475884774,4.2463765,-85.63205
1487475884777,4.215844,-85.64148
1487475884786,4.1852994,-85.64616
1487475884789,4.1540813,-85.650505
1487475884794,4.133037,-85.65489
1487475884795,4.1113157,-85.658936
1487475884804,4.0991096,-85.662674
1487475884806,4.0868897,-85.66164
1487475884814,4.073979,-85.66027
1487475884816,4.0521903,-85.66438
1487475884827,4.0399237,-85.66816
1487475884829,4.026955,-85.666824
1487475884833,4.0146546,-85.670616
1487475884836,3.9921076,-85.67445
1487475884843,3.980475,-85.68816
1487475884845,3.9674284,-85.68688
1487475884853,3.944818,-85.68598
1487475884863,3.922184,-85.6851
1487475884864,3.899527,-85.684235
1487475884873,3.886393,-85.68301
1487475884875,3.8732316,-85.686584
1487475884887,3.8600502,-85.68537
1487475884889,3.8468482,-85.688965
1487475884893,3.8240764,-85.68819
1487475884895,3.8108273,-85.68702
1487475884903,3.7975578,-85.681076
1487475884905,3.784268,-85.67993
1487475884912,3.7717073,-85.68869
1487475884914,3.7583764,-85.68757
1487475884923,3.7457855,-85.68677
1487475884925,3.7331808,-85.69076
1487475884936,3.7110045,-85.690414
1487475884938,3.6975958,-85.68933
1487475884942,3.6857207,-85.693665
1487475884944,3.6627176,-85.693054
1487475884953,3.6500351,-85.692314
1487475884955,3.6365523,-85.691284
1487475884962,3.6230462,-85.69027
1487475884963,3.6095192,-85.68926
1487475884973,3.5967696,-85.69815
1487475884975,3.5832016,-85.70197
1487475884985,3.5791745,-85.70533
1487475884988,3.5751266,-85.70869
1487475884992,3.571058,-85.71206
1487475884993,3.5582232,-85.72579
1487475885002,3.5445504,-85.73446
1487475885004,3.5308568,-85.74315
1487475885011,3.507577,-85.75234
1487475885013,3.4938397,-85.761055
1487475885021,3.4792368,-85.7599
1487475885023,3.4750185,-85.768135
1487475885035,3.461213,-85.776886
1487475885041,3.4569502,-85.78513
1487475885043,3.451808,-85.79312
1487475885045,3.4475005,-85.80137
1487475885053,3.4527352,-85.813896
1487475885055,3.4388173,-85.8227
1487475885061,3.434445,-85.83097
1487475885062,3.430052,-85.83925
1487475885071,3.4265215,-85.8526
1487475885073,3.422977,-85.86596
1487475885081,3.419419,-85.87451
1487475885083,3.4158473,-85.883064
1487475885091,3.4113622,-85.88656
1487475885093,3.4077597,-85.89032
1487475885102,3.3936682,-85.8944
1487475885104,3.3804662,-85.89876
1487475885110,3.3567688,-85.903465
1487475885112,3.3426166,-85.90759
1487475885121,3.3284402,-85.911736
1487475885123,3.3142438,-85.9159
1487475885130,3.3095982,-85.92426
1487475885132,3.295361,-85.93326
1487475885140,3.290671,-85.94165
1487475885142,3.286905,-85.95509
1487475885152,3.272603,-85.96413
1487475885154,3.258281,-85.97317
1487475885159,3.2439382,-85.98704
1487475885162,3.2286108,-85.991066
1487475885170,3.20464,-86.00562
1487475885172,3.1902263,-86.01955
1487475885180,3.174814,-86.02844
1487475885184,3.1689517,-86.0367
1487475885190,3.163055,-86.04495
1487475885192,3.1571312,-86.05322
1487475885202,3.151173,-86.0615
1487475885204,3.1451874,-86.064964
1487475885210,3.139168,-86.06844
1487475885211,3.1426976,-86.06641
1487475885220,3.1366165,-86.06508
1487475885222,3.130508,-86.06375
1487475885229,3.115815,-86.06336
1487475885231,3.1106777,-86.06228
1487475885239,3.0959406,-86.06673
1487475885241,3.0897229,-86.06062
1487475885252,3.0940971,-86.063644
1487475885256,3.097401,-86.06645
1487475885259,3.1102471,-86.068504
1487475885261,3.1134892,-86.07612
1487475885269,3.107121,-86.08449
1487475885271,3.1007254,-86.09286
1487475885280,3.0932217,-86.101036
1487475885282,3.086758,-86.109436
1487475885289,3.069603,-86.113594
1487475885291,3.052404,-86.12259
1487475885302,3.0458374,-86.13586
1487475885305,3.0392406,-86.14913
1487475885309,3.0410805,-86.15659
1487475885311,3.0439942,-86.173904
1487475885320,3.037298,-86.187195
1487475885322,3.0294492,-86.20031
1487475885328,3.031132,-86.21261
1487475885331,3.0136256,-86.22175
1487475885339,3.0056508,-86.23491
1487475885341,2.9976346,-86.24808
1487475885352,3.000302,-86.27025
1487475885355,3.0113513,-86.286545
1487475885358,3.0414941,-86.29625
1487475885361,3.0620174,-86.3068
1487475885369,3.0824895,-86.31732
1487475885371,3.102914,-86.32299
1487475885377,3.1125383,-86.3197
1487475885388,3.131664,-86.31548
1487475885390,3.131616,-86.31308
1487475885402,3.1422803,-86.30994
1487475885404,3.143344,-86.30771
1487475885408,3.155137,-86.30957
1487475885410,3.1656716,-86.306404
1487475885420,3.1678433,-86.31401
1487475885422,3.1687465,-86.306946
1487475885428,3.161304,-86.31068
1487475885430,3.1538272,-86.314415
1487475885439,3.145068,-86.308334
1487475885443,3.1470757,-86.31112
1487475885452,3.1585948,-86.30811
1487475885454,3.168815,-86.304924
1487475885458,3.1802595,-86.3019
1487475885459,3.1916766,-86.30368
1487475885469,3.2125926,-86.30447
1487475885470,3.214402,-86.30241
1487475885477,3.2244139,-86.299164
1487475885478,3.2248483,-86.29692
1487475885487,3.2252417,-86.29468
1487475885488,3.217371,-86.29846
1487475885496,3.206829,-86.29227
1487475885498,3.1880236,-86.29694
1487475885506,3.1787133,-86.29577
1487475885508,3.1584857,-86.29551
1487475885517,3.147739,-86.29421
1487475885519,3.1355836,-86.292786
1487475885527,3.1233597,-86.29138
1487475885528,3.1029005,-86.300896
1487475885536,3.090547,-86.304375
1487475885538,3.080889,-86.32268
1487475885546,3.0793362,-86.33009
1487475885549,3.0791242,-86.34249
1487475885556,3.078871,-86.35489
1487475885558,3.069042,-86.368416
1487475885568,3.0701125,-86.380974
1487475885570,3.0792677,-86.38743
1487475885576,3.0802734,-86.39999
1487475885578,3.0702868,-86.403885
1487475885587,3.0616958,-86.412766
1487475885589,3.0530705,-86.42167
1487475885596,3.0458615,-86.4307
1487475885599,3.0371816,-86.43962
1487475885606,3.0299246,-86.45352
1487475885608,3.0211904,-86.457634
1487475885618,3.002891,-86.46778
1487475885621,2.9845645,-86.47795
1487475885625,2.9676778,-86.4931
1487475885628,2.9492939,-86.50333
1487475885636,2.9418938,-86.51733
1487475885638,2.9440002,-86.53496
1487475885645,2.9350648,-86.54403
1487475885647,2.9371269,-86.55683
1487475885656,2.9376638,-86.56469
1487475885658,2.928643,-86.573784
1487475885668,2.9276068,-86.57671
1487475885671,2.9295628,-86.58953
1487475885677,2.9204464,-86.598656
1487475885679,2.9208293,-86.6017
1487475885686,2.9116514,-86.606
1487475885688,2.910434,-86.60896
1487475885695,2.9091756,-86.607086
1487475885699,2.898346,-86.60649
1487475885706,2.895443,-86.59969
1487475885708,2.8845246,-86.60398
1487475885718,2.8735654,-86.608284
1487475885720,2.8625653,-86.61261
1487475885725,2.8531005,-86.62674
1487475885727,2.834086,-86.63734
1487475885736,2.8261497,-86.651566
1487475885738,2.808667,-86.66714
1487475885744,2.792761,-86.687645
1487475885747,2.7752416,-86.698395
1487475885754,2.7688305,-86.712746
1487475885757,2.7607994,-86.7222
1487475885769,2.7432187,-86.72814
1487475885771,2.7367601,-86.73766
1487475885774,2.7191389,-86.738785
1487475885778,2.7110257,-86.74342
1487475885785,2.7045195,-86.74811
1487475885788,2.6979997,-86.75281
1487475885794,2.691466,-86.76237
1487475885796,2.6753907,-86.77332
1487475885804,2.659302,-86.784294
1487475885806,2.641555,-86.79525
1487475885819,2.6270802,-86.816025
1487475885823,2.6204789,-86.82565
1487475885827,2.6155183,-86.84505
1487475885829,2.607235,-86.85467
1487475885835,2.5910616,-86.8706
1487475885838,2.5732098,-86.87192
1487475885843,2.536266,-86.87609
1487475885845,2.5088334,-86.869125
1487475885853,2.4796956,-86.862175
1487475885855,2.4617462,-86.85382
1487475885863,2.4420881,-86.84548
1487475885867,2.422396,-86.837166
1487475885873,2.4122133,-86.82743
1487475885875,2.39246,-86.824036
1487475885884,2.382216,-86.82408
1487475885889,2.3719416,-86.82903
1487475885893,2.3728952,-86.83741
1487475885894,2.3642886,-86.84725
1487475885903,2.3478482,-86.86833
1487475885905,2.342663,-86.897705
1487475885912,2.3470109,-86.92072
1487475885923,2.3418121,-86.94522
1487475885924,2.3270636,-86.97122
1487475885935,2.3123088,-86.987465
1487475885937,2.2975469,-86.99883
1487475885943,2.2732325,-87.00682
1487475885944,2.245412,-87.00511
1487475885953,2.2271101,-86.99703
1487475885955,2.2087882,-86.98897
1487475885962,2.1886826,-86.980965
1487475885965,2.1667793,-86.96814
1487475885972,2.1561508,-86.96355
1487475885974,2.1359465,-86.9654
1487475885985,2.134805,-86.96421
1487475885987,2.1354203,-86.97766
1487475885992,2.1342206,-86.98138
1487475885995,2.125243,-86.991486
1487475886003,2.1144438,-87.00168
1487475886005,2.1054187,-87.011826
1487475886012,2.0981839,-87.02681
1487475886013,2.0986657,-87.03541
1487475886022,2.1104865,-87.04726
1487475886024,2.1127489,-87.05578
1487475886034,2.105456,-87.06589
1487475886036,2.0999782,-87.07592
1487475886042,2.0944932,-87.08597
1487475886044,2.0871665,-87.08629
1487475886055,2.0702846,-87.08822
1487475886057,2.055228,-87.090065
1487475886061,2.0306168,-87.09354
1487475886064,2.004154,-87.09711
1487475886071,1.9872186,-87.09418
1487475886073,1.9816691,-87.10429
1487475886084,1.9647099,-87.10139
1487475886086,1.9591435,-87.11151
1487475886092,1.9440193,-87.11835
1487475886094,1.9461209,-87.12205
1487475886101,1.9482088,-87.12084
1487475886103,1.9502828,-87.12455
1487475886111,1.9409236,-87.125084
1487475886112,1.9429636,-87.12388
1487475886123,1.9240195,-87.12116
1487475886125,1.9050516,-87.11846
1487475886134,1.8841741,-87.11098
1487475886136,1.8670553,-87.118034
1487475886140,1.8671167,-87.11698
1487475886142,1.8557078,-87.11281
1487475886150,1.8461782,-87.11836
1487475886152,1.8251644,-87.11589
1487475886160,1.8136703,-87.11177
1487475886162,1.7925955,-87.11426
1487475886170,1.7714903,-87.11186
1487475886172,1.7503511,-87.10949
1487475886184,1.7387345,-87.10544
1487475886186,1.7175341,-87.098175
1487475886190,1.7078035,-87.09894
1487475886192,1.707602,-87.09799
1487475886201,1.716926,-87.095345
1487475886203,1.7262226,-87.09268
1487475886210,1.7354989,-87.09003
1487475886212,1.7467158,-87.09213
1487475886220,1.7654872,-87.08772
1487475886222,1.7766666,-87.08981
1487475886234,1.7878292,-87.0919
1487475886236,1.7969894,-87.08922
1487475886240,1.8176473,-87.08955
1487475886241,1.8458228,-87.083336
1487475886251,1.8719687,-87.07726
1487475886253,1.9000698,-87.07594
1487475886259,1.8995742,-87.07497
1487475886261,1.8970492,-87.07415
1487475886269,1.8679367,-87.0785
1487475886272,1.8388045,-87.07794
1487475886283,1.8116679,-87.08711
1487475886285,1.7960703,-87.094345
1487475886290,1.7804661,-87.09666
1487475886292,1.776407,-87.10688
1487475886300,1.7934293,-87.11827
1487475886305,1.7988927,-87.121765
1487475886309,1.8138752,-87.12346
1487475886311,1.8193284,-87.12695
1487475886320,1.8343011,-87.12864
1487475886322,1.8472236,-87.12064
1487475886329,1.8621827,-87.117386
1487475886331,1.8635255,-87.11135
1487475886339,1.8669016,-87.10514
1487475886341,1.8607544,-87.105675
1487475886351,1.852547,-87.10146
1487475886352,1.8463831,-87.102
1487475886358,1.8286359,-87.099625
1487475886360,1.8203912,-87.100365
1487475886369,1.8121326,-87.10604
1487475886371,1.8059312,-87.116486
1487475886378,1.7881333,-87.12896
1487475886382,1.7798374,-87.13467
1487475886389,1.7736052,-87.15007
1487475886391,1.774801,-87.15397
1487475886401,1.7685518,-87.164444
1487475886407,1.7792394,-87.16649
1487475886409,1.7803978,-87.17038
1487475886412,1.781539,-87.17428
1487475886420,1.7847643,-87.18785
1487475886423,1.795394,-87.18988
1487475886428,1.7869853,-87.19565
1487475886431,1.7901798,-87.204285
1487475886438,1.7912562,-87.20819
1487475886440,1.7849215,-87.21871
1487475886451,1.7880889,-87.232285
1487475886459,1.7912494,-87.24587
1487475886460,1.7943995,-87.25451
1487475886468,1.7975395,-87.2681
1487475886470,1.7911674,-87.283585
1487475886477,1.7847883,-87.29413
1487475886479,1.7762703,-87.30491
1487475886488,1.7772441,-87.30884
1487475886490,1.7782042,-87.317726
1487475886500,1.7886492,-87.31974
1487475886505,1.7874329,-87.31896
1487475886508,1.7978437,-87.32098
1487475886509,1.7965863,-87.320206
1487475886517,1.8048071,-87.312546
1487475886519,1.7940066,-87.30877
1487475886529,1.7926809,-87.29812
1487475886531,1.7913347,-87.28747
1487475886537,1.7804729,-87.283714
1487475886539,1.7674073,-87.27526
1487475886550,1.749186,-87.27325
1487475886552,1.7477545,-87.27252
1487475886557,1.7463024,-87.26685
1487475886560,1.7375283,-87.27281
1487475886568,1.7360352,-87.26716
1487475886572,1.7345182,-87.261505
1487475886577,1.7139978,-87.25981
1487475886579,1.7029486,-87.251205
1487475886587,1.6845981,-87.25424
1487475886589,1.677946,-87.259995
1487475886600,1.6712872,-87.260796
1487475886603,1.6741161,-87.264565
1487475886607,1.6886501,-87.27102
1487475886609,1.6936896,-87.27452
1487475886618,1.6987257,-87.278015
1487475886622,1.6920359,-87.27387
1487475886627,1.683105,-87.265045
1487475886628,1.6741605,-87.25622
1487475886637,1.6652024,-87.247406
1487475886639,1.6562304,-87.2386
1487475886650,1.6589808,-87.24238
1487475886652,1.6594728,-87.241486
1487475886656,1.6599511,-87.24555
1487475886659,1.6604158,-87.25458
1487475886667,1.6608633,-87.26361
1487475886669,1.6612972,-87.267685
1487475886676,1.6594489,-87.27206
1487475886678,1.6503677,-87.28314
1487475886686,1.6484818,-87.28753
1487475886688,1.6488508,-87.296585
1487475886701,1.6541191,-87.2893
1487475886704,1.6521648,-87.28377
1487475886706,1.6407093,-87.28031
1487475886708,1.6364114,-87.2751
1487475886717,1.6320827,-87.26493
1487475886721,1.6300328,-87.26439
1487475886725,1.6256461,-87.25424
1487475886727,1.6330189,-87.25163
1487475886737,1.6191001,-87.243576
1487475886739,1.6146245,-87.23345
1487475886745,1.6124517,-87.23295
1487475886747,1.6102514,-87.227486
1487475886755,1.6198415,-87.2345
1487475886758,1.6199473,-87.24363
1487475886767,1.6295033,-87.245674
1487475886769,1.641396,-87.25236
1487475886777,1.6414576,-87.25652
1487475886779,1.6415054,-87.265656
1487475886786,1.6415395,-87.26485
1487475886789,1.64156,-87.26902
1487475886795,1.6415634,-87.26822
1487475886797,1.6415532,-87.26742
1487475886804,1.6486151,-87.254875
1487475886807,1.6461928,-87.24945
1487475886816,1.6437501,-87.24402
1487475886818,1.6412866,-87.2386
1487475886824,1.636408,-87.233536
1487475886826,1.6409519,-87.221344
1487475886837,1.63841,-87.220924
1487475886839,1.6358476,-87.220505
1487475886844,1.6332614,-87.220085
1487475886846,1.6212046,-87.226845
1487475886858,1.6209928,-87.23605
1487475886860,1.6302173,-87.23808
1487475886866,1.6323969,-87.251915
1487475886869,1.6321441,-87.251175
1487475886874,1.6413243,-87.253204
1487475886875,1.6410407,-87.24748
1487475886884,1.6313003,-87.248955
1487475886886,1.6215463,-87.245445
1487475886894,1.6212217,-87.23974
1487475886895,1.6089942,-87.22666
1487475886904,1.615629,-87.21911
1487475886907,1.6222364,-87.21157
1487475886917,1.6382598,-87.2018
1487475886922,1.6423526,-87.19961
1487475886924,1.6464114,-87.19742
1487475886926,1.6434801,-87.20706
1487475886933,1.6380445,-87.20712
1487475886935,1.6350652,-87.21678
1487475886943,1.6320622,-87.221466
1487475886944,1.6290351,-87.23613
1487475886953,1.6379145,-87.253136
1487475886955,1.6398484,-87.27201
1487475886966,1.6392709,-87.2813
1487475886968,1.6386799,-87.29061
1487475886972,1.6355641,-87.295334
1487475886983,1.6255162,-87.301956
1487475886985,1.6273953,-87.315865
1487475886992,1.6361688,-87.3179
1487475886994,1.6449252,-87.319954
1487475887003,1.6561894,-87.32656
1487475887005,1.6649153,-87.333595
1487475887016,1.673624,-87.335625
1487475887022,1.6754383,-87.339554
1487475887024,1.6866548,-87.34616
1487475887027,1.68591,-87.3505
1487475887034,1.6876969,-87.35443
1487475887037,1.6800609,-87.36069
1487475887042,1.6818273,-87.36961
1487475887044,1.6741775,-87.37588
1487475887053,1.6759303,-87.37982
1487475887055,1.6896375,-87.39098
1487475887066,1.6819674,-87.39726
1487475887070,1.6836962,-87.406204
1487475887072,1.6879771,-87.41971
1487475887074,1.6828523,-87.43557
1487475887083,1.6871263,-87.44408
1487475887085,1.6939663,-87.46214
1487475887092,1.6888312,-87.47301
1487475887094,1.6956644,-87.486084
1487475887103,1.6905258,-87.496956
1487475887105,1.6973556,-87.51003
1487475887111,1.6853805,-87.52283
1487475887114,1.6828078,-87.53827
1487475887122,1.6802351,-87.55372
1487475887124,1.6870614,-87.571785
1487475887133,1.6938877,-87.58486
1487475887134,1.7032902,-87.60749
1487475887141,1.7101132,-87.625565
1487475887143,1.7169362,-87.64364
1487475887151,1.733155,-87.659325
1487475887154,1.7519467,-87.68456
1487475887161,1.768159,-87.695244
1487475887165,1.7869442,-87.71547
1487475887171,1.8031498,-87.72613
1487475887174,1.8125392,-87.73874
1487475887183,1.8219286,-87.746346
1487475887185,1.8193489,-87.75179
1487475887191,1.8193489,-87.76179
1487475887192,1.8313183,-87.77395
1487475887201,1.8313183,-87.78395
1487475887203,1.8526734,-87.78871
1487475887210,1.8620598,-87.79632
1487475887213,1.8834121,-87.80608
1487475887221,1.8834121,-87.81608
1487475887223,1.8834121,-87.83107
1487475887232,1.8834121,-87.84107
1487475887234,1.8834121,-87.84607
1487475887241,1.8859919,-87.86063
1487475887243,1.8885683,-87.87517
1487475887250,1.8911448,-87.88473
1487475887253,1.903104,-87.89688
1487475887261,1.9082534,-87.910995
1487475887264,1.9202095,-87.913155
1487475887270,1.9253557,-87.92727
1487475887272,1.9398779,-87.938995
1487475887282,1.9637804,-87.94832
1487475887284,1.9782928,-87.95505
1487475887290,1.9834255,-87.959175
1487475887292,1.9911141,-87.97286
1487475887300,1.9962363,-87.977005
1487475887302,2.0039148,-87.9857
1487475887310,1.9996468,-87.98724
1487475887313,1.9953787,-87.98877
1487475887320,2.0004838,-87.99292
1487475887322,1.9962056,-87.99445
1487475887334,1.9919205,-87.99599
1487475887337,1.9850863,-87.99294
1487475887340,1.9807975,-87.99947
1487475887342,1.9671154,-88.00338
1487475887350,1.9722037,-88.00753
1487475887352,1.9798306,-88.011246
1487475887360,1.9755217,-88.01778
1487475887363,1.9805995,-88.021935
1487475887369,1.9788191,-88.03303
1487475887371,1.9744965,-88.03955
1487475887382,1.9727025,-88.050644
1487475887384,1.9683696,-88.05218
1487475887389,1.954643,-88.056076
1487475887391,1.9409065,-88.05497
1487475887399,1.9202914,-88.0558
1487475887403,1.9065415,-88.04969
1487475887409,1.9021814,-88.04622
1487475887410,1.8909361,-88.04967
1487475887419,1.8865659,-88.046196
1487475887421,1.8872153,-88.05187
1487475887431,1.8947462,-88.05562
1487475887433,1.9022702,-88.054375
1487475887438,1.9122888,-88.057724
1487475887440,1.9316975,-88.063736
1487475887449,1.9347798,-88.07403
1487475887451,1.9353503,-88.07973
1487475887458,1.9383949,-88.095024
1487475887462,1.9389349,-88.10073
1487475887469,1.9513456,-88.10872
1487475887472,1.9612585,-88.12209
1487475887482,1.9830359,-88.127785
1487475887484,1.9929184,-88.14119
1487475887488,2.0121913,-88.1423
1487475887490,2.0220463,-88.150734
1487475887498,2.031888,-88.15917
1487475887501,2.039259,-88.15803
1487475887508,2.0396726,-88.16878
1487475887510,2.0425227,-88.184135
1487475887518,2.042902,-88.18991
1487475887521,2.0432675,-88.19569
1487475887531,2.0436194,-88.20147
1487475887534,2.0463908,-88.216835
1487475887537,2.0397272,-88.234505
1487475887548,2.0518653,-88.24262
1487475887550,2.0664027,-88.260345
1487475887558,2.073914,-88.28497
1487475887559,2.0789714,-88.305
1487475887567,2.0934134,-88.31779
1487475887570,2.098406,-88.332855
1487475887582,2.1033714,-88.34793
1487475887584,2.1083028,-88.35803
1487475887587,2.1108215,-88.358536
1487475887589,2.1038978,-88.3613
1487475887598,2.0969503,-88.36903
1487475887601,2.0993972,-88.36955
1487475887607,2.1041918,-88.38467
1487475887609,2.1065907,-88.390175
1487475887617,2.1207492,-88.403076
1487475887619,2.1231036,-88.413574
1487475887632,2.125431,-88.42409
1487475887634,2.1300821,-88.43924
1487475887637,2.1347027,-88.44942
1487475887639,2.1392922,-88.46459
1487475887649,2.143848,-88.47479
1487475887655,2.1483724,-88.48004
1487475887657,2.1528664,-88.490265
1487475887659,2.1573298,-88.49553
1487475887667,2.1640656,-88.51043
1487475887669,2.1590283,-88.51789
1487475887676,2.1751182,-88.53064
1487475887679,2.1840243,-88.55023
1487475887687,2.1905894,-88.56022
1487475887689,2.1876776,-88.57238
1487475887698,2.1847215,-88.58951
1487475887700,2.1839833,-88.60634
1487475887707,2.1809278,-88.61851
1487475887709,2.1683855,-88.63283
1487475887717,2.1535466,-88.6375
1487475887719,2.1314592,-88.65392
1487475887726,2.1282232,-88.666084
1487475887728,2.1132617,-88.680664
1487475887736,2.1099365,-88.697784
1487475887738,2.1065702,-88.71491
1487475887748,2.1148267,-88.739586
1487475887751,2.1208243,-88.75959
1487475887756,2.138438,-88.787155
1487475887758,2.1538062,-88.81004
1487475887766,2.161858,-88.83478
1487475887769,2.1793149,-88.862404
1487475887781,2.1850836,-88.88248
1487475887784,2.1835115,-88.90933
1487475887786,2.1818848,-88.936195
1487475887788,2.1823497,-88.96776
1487475887798,2.1732726,-88.99644
1487475887803,2.1830604,-89.02596
1487475887806,2.1833098,-89.057556
1487475887808,2.1929576,-89.087105
1487475887817,2.1951723,-89.11848
1487475887819,2.1857195,-89.14719
1487475887826,2.176191,-89.17588
1487475887828,2.1686726,-89.20434
1487475887835,2.1515782,-89.229866
1487475887837,2.1438682,-89.258316
1487475887849,2.1381304,-89.286545
1487475887851,2.130229,-89.31004
1487475887855,2.1412232,-89.329575
1487475887857,2.1541686,-89.3588
1487475887865,2.1649816,-89.38334
1487475887868,2.1757095,-89.40295
1487475887874,2.1768506,-89.419586
1487475887876,2.1854048,-89.4345
1487475887884,2.1843865,-89.451385
1487475887887,2.1813107,-89.45859
1487475887897,2.1801522,-89.470535
1487475887899,2.1694174,-89.48443
1487475887904,2.156643,-89.49851
1487475887906,2.1362507,-89.51926
1487475887914,2.1157768,-89.539986
1487475887916,2.0971587,-89.57041
1487475887924,2.0955527,-89.58731
1487475887925,2.086278,-89.61582
1487475887934,2.0959592,-89.64054
1487475887937,2.1169865,-89.673134
1487475887948,2.1341147,-89.69127
1487475887951,2.1435401,-89.71609
1487475887955,2.1528802,-89.74092
1487475887958,2.1430755,-89.76454
1487475887965,2.1313126,-89.77844
1487475887967,2.1213334,-89.79712
1487475887974,2.10941,-89.81101
1487475887976,2.09925,-89.82967
1487475887984,2.1003711,-89.851295
1487475887986,2.101386,-89.87293
1487475887998,2.1004803,-89.8898
1487475888000,2.0994859,-89.90668
1487475888003,2.1002002,-89.92835
1487475888005,2.1025925,-89.95484
1487475888015,2.103081,-89.97161
1487475888017,2.103464,-89.99333
1487475888023,2.1072538,-90.01973
1487475888025,2.0995953,-90.0431
1487475888033,2.1030982,-90.06954
1487475888036,2.09517,-90.08799
1487475888043,2.0888238,-90.11125
1487475888045,2.0727587,-90.1313
1487475888053,2.0756738,-90.14793
1487475888056,2.0784454,-90.15964
1487475888064,2.081063,-90.17139
1487475888067,2.0723042,-90.18001
1487475888072,2.065063,-90.19345
1487475888083,2.057668,-90.20198
1487475888085,2.038914,-90.202385
1487475888092,2.0216398,-90.20762
1487475888095,2.0042052,-90.217766
1487475888102,1.9866136,-90.22295
1487475888105,1.968865,-90.228134
1487475888114,1.9429293,-90.234795
1487475888117,1.9152446,-90.241516
1487475888122,1.8889441,-90.253044
1487475888124,1.8639868,-90.264435
1487475888137,1.8372977,-90.27095
1487475888139,1.8134345,-90.287125
1487475888148,1.8070896,-90.29044
1487475888153,1.7938769,-90.30499
1487475888155,1.7804046,-90.319534
1487475888157,1.7652206,-90.32429
1487475888165,1.760878,-90.3275
1487475888170,1.7437944,-90.32246
1487475888172,1.7182755,-90.31877
1487475888174,1.6925143,-90.31505
1487475888182,1.6665143,-90.311295
1487475888184,1.6513004,-90.310974
1487475888191,1.6344708,-90.31069
1487475888193,1.6353899,-90.302795
1487475888201,1.6277779,-90.301155
1487475888203,1.6199405,-90.29953
1487475888213,1.6009076,-90.29928
1487475888215,1.5913415,-90.29277
1487475888221,1.5609459,-90.28398
1487475888223,1.5328944,-90.28492
1487475888232,1.5142858,-90.289444
1487475888234,1.5038935,-90.2878
1487475888241,1.494526,-90.28613
1487475888245,1.4849333,-90.29431
1487475888252,1.4836076,-90.29144
1487475888254,1.4820875,-90.2886
1487475888264,1.4695022,-90.28207
1487475888266,1.4676027,-90.27433
1487475888271,1.4546586,-90.2678
1487475888273,1.4415406,-90.25634
1487475888281,1.4390742,-90.25355
1487475888283,1.4364129,-90.25078
1487475888290,1.4335569,-90.248024
1487475888293,1.4305063,-90.240364
1487475888301,1.4283302,-90.24256
1487475888304,1.425932,-90.23986
1487475888314,1.4222666,-90.232254
1487475888316,1.4204696,-90.23451
1487475888321,1.4087011,-90.23782
1487475888323,1.4084039,-90.24505
1487475888331,1.4165274,-90.25128
1487475888335,1.4165889,-90.2586
1487475888340,1.4250815,-90.26496
1487475888342,1.42447,-90.26745
1487475888350,1.4226015,-90.26993
1487475888353,1.4310461,-90.27155
1487475888364,1.4488785,-90.27723
1487475888367,1.4760989,-90.28212
1487475888370,1.5029745,-90.29203
1487475888373,1.5108867,-90.30872
1487475888381,1.5281491,-90.32464
1487475888383,1.5247806,-90.337326
1487475888390,1.5315791,-90.35417
1487475888392,1.5380018,-90.371086
1487475888400,1.5545163,-90.39713
1487475888402,1.5796267,-90.41753
1487475888414,1.6043615,-90.43803
1487475888417,1.6377609,-90.45294
1487475888420,1.6610854,-90.47357
1487475888422,1.6840686,-90.4943
1487475888431,1.7157985,-90.50946
1487475888433,1.7478365,-90.53461
1487475888439,1.7692045,-90.55553
1487475888441,1.8005736,-90.58089
1487475888450,1.8213068,-90.597115
1487475888452,1.8422862,-90.61841
1487475888464,1.8629242,-90.63979
1487475888466,1.8729802,-90.651955
1487475888470,1.883231,-90.66917
1487475888472,1.9023695,-90.68088
1487475888481,1.9114825,-90.6932
1487475888484,1.9207425,-90.705696
1487475888490,1.9495345,-90.73201
1487475888491,1.9673922,-90.74401
1487475888499,1.9950575,-90.75576
1487475888501,2.0223813,-90.77249
1487475888510,2.059438,-90.79878
1487475888511,2.0860522,-90.81573
1487475888519,2.1123219,-90.83277
1487475888520,2.128541,-90.8503
1487475888530,2.1350102,-90.863594
1487475888533,2.14082,-90.87188
1487475888539,2.146551,-90.88522
1487475888540,2.1419508,-90.89389
1487475888548,2.1566565,-90.90213
1487475888549,2.170771,-90.905396
1487475888558,2.2039557,-90.90818
1487475888559,2.2269087,-90.90145
1487475888569,2.240012,-90.90494
1487475888570,2.2526302,-90.89859
1487475888579,2.2552345,-90.892494
1487475888581,2.2575312,-90.88642
1487475888587,2.2596161,-90.8854
1487475888589,2.2612805,-90.8842
1487475888597,2.2528696,-90.87812
1487475888599,2.2539322,-90.87208
1487475888607,2.244954,-90.86595
1487475888617,2.2259927,-90.8599
1487475888619,2.1873393,-90.85393
1487475888628,2.148393,-90.84783
1487475888632,2.1091607,-90.84162
1487475888637,2.0793507,-90.83524
1487475888638,2.0492,-90.838684
1487475888647,2.0283785,-90.84221
1487475888648,2.0169308,-90.85054
1487475888657,2.0052543,-90.844086
1487475888658,1.9930105,-90.84765
1487475888667,1.980538,-90.846146
1487475888668,1.9870032,-90.84495
1487475888678,1.9930925,-90.84378
1487475888679,1.9990042,-90.83759
1487475888686,2.0140774,-90.83175
1487475888687,2.0192852,-90.815895
1487475888697,2.03387,-90.80025
1487475888698,2.028406,-90.79413
1487475888707,2.032568,-90.77345
1487475888708,2.0363886,-90.757645
1487475888716,2.0395463,-90.74202
1487475888718,2.0430043,-90.71633
1487475888728,2.0457962,-90.70054
1487475888732,2.0385346,-90.67957
1487475888736,2.0305417,-90.66359
1487475888737,2.0225794,-90.64254
1487475888746,2.0138521,-90.62646
1487475888748,2.0047483,-90.615204
1487475888756,1.9860156,-90.58873
1487475888757,1.9766527,-90.572334
1487475888766,1.9664526,-90.55603
1487475888768,1.9563892,-90.53465
1487475888779,1.9362696,-90.5176
1487475888782,1.9158083,-90.50046
1487475888786,1.895006,-90.47834
1487475888788,1.884157,-90.45653
1487475888796,1.8626884,-90.44398
1487475888798,1.8505926,-90.427025
1487475888806,1.8387841,-90.40988
1487475888808,1.835736,-90.39341
1487475888816,1.8226326,-90.38115
1487475888819,1.8091873,-90.36393
1487475888830,1.8051146,-90.35218
1487475888832,1.7917004,-90.334724
1487475888836,1.7675338,-90.31658
1487475888838,1.7534877,-90.29895
1487475888846,1.7286552,-90.28548
1487475888848,1.7139773,-90.26278
1487475888856,1.6981927,-90.244965
1487475888857,1.6836927,-90.22201
1487475888866,1.6672591,-90.213806
1487475888868,1.6416147,-90.19482
1487475888879,1.6253796,-90.17656
1487475888881,1.5991173,-90.15733
1487475888885,1.581369,-90.14873
1487475888888,1.5632793,-90.13512
1487475888897,1.5439188,-90.13125
1487475888899,1.5338954,-90.123314
1487475888905,1.5128133,-90.11928
1487475888907,1.501034,-90.12101
1487475888915,1.4975461,-90.12367
1487475888918,1.4946285,-90.12134
1487475888924,1.4912944,-90.11896
1487475888927,1.4972489,-90.11757
1487475888935,1.493081,-90.11017
1487475888937,1.4776908,-90.11144
1487475888946,1.4629669,-90.1077
1487475888949,1.4478297,-90.103836
1487475888955,1.4322793,-90.09495
1487475888957,1.4066138,-90.08478
1487475888965,1.390237,-90.07564
1487475888967,1.3843545,-90.0627
1487475888975,1.3671682,-90.05333
1487475888979,1.3423676,-90.03283
1487475888985,1.3172258,-90.01218
1487475888988,1.2820446,-89.99502
1487475888997,1.2562202,-89.97404
1487475889003,1.2300544,-89.96279
1487475889006,1.2119094,-89.95759
1487475889008,1.2017301,-89.96341
1487475889015,1.2008283,-89.97053
1487475889018,1.199503,-89.97758
1487475889030,1.1977575,-89.98951
1487475889032,1.2052758,-90.00281
1487475889037,1.212367,-90.01609
1487475889039,1.2190315,-90.02933
1487475889047,1.2141092,-90.050835
1487475889050,1.2214088,-90.06411
1487475889054,1.2186522,-90.07584
1487475889055,1.2058394,-90.095894
1487475889064,1.1829841,-90.114296
1487475889066,1.1404198,-90.139366
1487475889073,1.0990722,-90.15449
1487475889076,1.0477138,-90.177765
1487475889083,1.0040551,-90.21718
1487475889085,0.9906727,-90.256516
1487475889096,0.98660815,-90.30238
1487475889098,0.99688905,-90.330536
1487475889103,1.0069106,-90.36366
1487475889105,1.005312,-90.39988
1487475889114,0.99377406,-90.43438
1487475889116,0.9705651,-90.47686
1487475889123,0.948801,-90.49956
1487475889127,0.9346435,-90.528625
1487475889134,0.92624813,-90.55889
1487475889136,0.9289191,-90.576126
1487475889146,0.93723255,-90.599594
1487475889148,0.9547441,-90.61981
1487475889152,0.9833052,-90.62216
1487475889166,1.0114465,-90.62455
1487475889167,1.0487863,-90.61883
1487475889172,1.0856962,-90.60819
1487475889174,1.1241062,-90.592896
1487475889182,1.1409765,-90.573586
1487475889184,1.1594081,-90.54955
1487475889195,1.1602689,-90.511925
1487475889197,1.1492223,-90.48194
1487475889202,1.1337931,-90.46619
1487475889203,1.1103987,-90.4536
1487475889213,1.074988,-90.45348
1487475889215,1.039161,-90.45817
1487475889222,0.9837629,-90.47355
1487475889224,0.93541884,-90.5004
1487475889232,0.8770442,-90.52994
1487475889234,0.80863243,-90.56715
1487475889246,0.72583973,-90.62125
1487475889248,0.6447015,-90.670395
1487475889252,0.5512594,-90.721664
1487475889254,0.4595059,-90.76795
1487475889262,0.36950213,-90.8093
1487475889265,0.28863478,-90.8424
1487475889271,0.20229013,-90.85875
1487475889273,0.12516332,-90.86687
1487475889281,0.049979918,-90.865036
1487475889283,-0.0063315853,-90.86234
1487475889295,-0.05337452,-90.85658
1487475889297,-0.09600519,-90.83646
1487475889301,-0.12691185,-90.80374
1487475889302,-0.16767456,-90.763405
1487475889312,-0.20626533,-90.71324
1487475889314,-0.25468493,-90.65538
1487475889321,-0.30087805,-90.58254
1487475889322,-0.34726262,-90.50942
1487475889334,-0.4009866,-90.41377
1487475889336,-0.44526452,-90.32023
1487475889340,-0.47048238,-90.23645
1487475889342,-0.49586767,-90.15758
1487475889351,-0.50929296,-90.08169
1487475889353,-0.52286506,-90.00566
1487475889361,-0.5583427,-89.93393
1487475889363,-0.596539,-89.87666
1487475889371,-0.64006346,-89.827965
1487475889372,-0.6716415,-89.77719
1487475889381,-0.7086331,-89.74013
1487475889383,-0.7432889,-89.69844
1487475889395,-0.78780174,-89.65386
1487475889397,-0.82559353,-89.621216
1487475889400,-0.86795896,-89.57174
1487475889402,-0.9036032,-89.52907
1487475889413,-0.958713,-89.48068
1487475889415,-1.0017631,-89.43041
1487475889420,-1.0573528,-89.376205
1487475889422,-1.1104636,-89.31736
1487475889431,-1.1706666,-89.2563
1487475889433,-1.2242064,-89.202034
1487475889440,-1.277966,-89.147446
1487475889443,-1.3223327,-89.095406
1487475889450,-1.3641245,-89.03359
1487475889453,-1.3964988,-88.979645
1487475889462,-1.4386779,-88.922554
1487475889464,-1.4742677,-88.87235
1487475889470,-1.4976212,-88.82064
1487475889472,-1.5115596,-88.771706
1487475889480,-1.510357,-88.717186
1487475889482,-1.4833926,-88.67051
1487475889489,-1.4412605,-88.61318
1487475889492,-1.3926215,-88.56837
1487475889500,-1.3317131,-88.5172
1487475889502,-1.2805792,-88.46831
1487475889512,-1.2458291,-88.40913
1487475889514,-1.223718,-88.3563
1487475889519,-1.2142663,-88.293915
1487475889521,-1.2240767,-88.23046
1487475889530,-1.2274686,-88.17942
1487475889532,-1.2215011,-88.12613
1487475889539,-1.2187206,-88.082146
1487475889541,-1.2096344,-88.045364
1487475889549,-1.1882478,-88.00759
1487475889554,-1.1701337,-87.97917
1487475889562,-1.1617924,-87.94743
1487475889564,-1.1411269,-87.9254
1487475889569,-1.1332774,-87.90413
1487475889571,-1.1161782,-87.88606
1487475889579,-1.0962337,-87.86387
1487475889581,-1.0828885,-87.839554
1487475889589,-1.0697415,-87.815186
1487475889590,-1.059935,-87.805466
1487475889599,-1.0471979,-87.7863
1487475889601,-1.0251911,-87.770454
1487475889612,-0.9907581,-87.75394
1487475889615,-0.9597138,-87.74679
1487475889618,-0.92568797,-87.73563
1487475889620,-0.88242704,-87.72788
1487475889629,-0.8488084,-87.716736
1487475889631,-0.8248114,-87.696785
1487475889638,-0.81041527,-87.678696
1487475889639,-0.7867874,-87.65869
1487475889648,-0.76334405,-87.63865
1487475889650,-0.73396486,-87.62607
1487475889661,-0.73628396,-87.61224
1487475889663,-0.72611976,-87.60324
1487475889668,-0.7415607,-87.6111
1487475889669,-0.75390047,-87.62023
1487475889679,-0.7664486,-87.64538
1487475889682,-0.7852197,-87.66829
1487475889687,-0.7947931,-87.70008
1487475889698,-0.79778844,-87.729324
1487475889700,-0.8009204,-87.76391
1487475889711,-0.80418897,-87.803825
1487475889717,-0.83227074,-87.839714
1487475889719,-0.87323594,-87.875824
1487475889720,-0.9296227,-87.91147
1487475889730,-0.99892133,-87.952675
1487475889732,-1.0649048,-87.99528
1487475889738,-1.1250864,-88.04531
1487475889740,-1.1947685,-88.08621
1487475889749,-1.2645859,-88.1324
1487475889751,-1.3251543,-88.16595
1487475889763,-1.3858507,-88.19397
1487475889767,-1.4372908,-88.21474
1487475889770,-1.5205342,-88.22813
1487475889772,-1.6262542,-88.232315
1487475889781,-1.7451202,-88.23631
1487475889783,-1.896007,-88.238014
1487475889787,-2.0637782,-88.243095
1487475889789,-2.2355416,-88.25141
1487475889797,-2.4041262,-88.26091
1487475889799,-2.5861866,-88.269844
1487475889808,-2.7425041,-88.27843
1487475889810,-2.9122977,-88.28092
1487475889817,-3.056193,-88.283226
1487475889820,-3.2098835,-88.27574
1487475889829,-3.360207,-88.253075
1487475889831,-3.529851,-88.22767
1487475889837,-3.6961176,-88.19257
1487475889838,-3.878041,-88.145485
1487475889846,-4.069874,-88.08828
1487475889849,-4.267896,-88.0285
1487475889856,-4.4625406,-87.97017
1487475889859,-4.6671634,-87.90725
1487475889866,-4.8704505,-87.8348
1487475889868,-5.0510583,-87.755104
1487475889878,-5.210921,-87.6742
1487475889883,-5.3575597,-87.587875
1487475889886,-5.5064816,-87.49589
1487475889888,-5.6750293,-87.38969
1487475889897,-5.8438735,-87.288826
1487475889899,-6.028682,-87.17588
1487475889906,-6.2198095,-87.0492
1487475889909,-6.4075384,-86.924446
1487475889916,-6.591875,-86.7901
1487475889922,-6.7668123,-86.65955
1487475889931,-6.9383245,-86.52525
1487475889933,-7.1003656,-86.39481
1487475889936,-7.258957,-86.26069
1487475889938,-7.4080086,-86.13051
1487475889946,-7.5573797,-85.99416
1487475889948,-7.710865,-85.87254
1487475889955,-7.8845716,-85.736084
1487475889957,-8.062467,-85.60252
1487475889965,-8.246961,-85.449036
1487475889967,-8.421888,-85.29941
1487475889978,-8.593428,-85.140076
1487475889980,-8.755332,-84.98468
1487475889985,-8.923905,-84.81513
1487475889987,-9.106765,-84.6438
1487475889996,-9.286324,-84.474655
1487475889998,-9.466341,-84.30493
1487475890005,-9.64684,-84.134636
1487475890008,-9.834233,-83.95598
1487475890015,-10.022163,-83.7828
1487475890018,-10.231103,-83.59975
1487475890028,-10.46774,-83.40499
1487475890034,-10.70895,-83.218666
1487475890037,-10.957574,-83.04214
1487475890039,-11.207089,-82.86484
1487475890047,-11.436723,-82.70252
1487475890049,-11.649253,-82.54443
1487475890054,-11.841638,-82.39547
1487475890057,-12.027229,-82.246216
1487475890064,-12.2029915,-82.10772
1487475890067,-12.379388,-81.9689
1487475890078,-12.549026,-81.817406
1487475890080,-12.708761,-81.6705
1487475890084,-12.847918,-81.53948
1487475890087,-12.983946,-81.392555
1487475890095,-13.095604,-81.25862
1487475890097,-13.225693,-81.131935
1487475890104,-13.345592,-81.02278
1487475890106,-13.490962,-80.906525
1487475890114,-13.626128,-80.80149
1487475890116,-13.776122,-80.69429
1487475890128,-13.9158535,-80.59195
1487475890130,-14.048844,-80.48465
1487475890134,-14.196629,-80.37508
1487475890137,-14.348426,-80.2618
1487475890145,-14.511502,-80.14314
1487475890147,-14.71482,-80.03415
1487475890153,-14.940593,-79.92743
1487475890155,-15.17067,-79.82973
1487475890163,-15.394076,-79.75282
1487475890166,-15.60717,-79.67424
1487475890177,-15.77319,-79.606895
1487475890180,-15.917532,-79.54331
1487475890183,-16.047579,-79.48198
1487475890185,-16.159754,-79.413445
1487475890194,-16.253536,-79.35171
1487475890196,-16.325287,-79.30056
1487475890202,-16.393671,-79.246475
1487475890204,-16.484505,-79.181694
1487475890213,-16.590237,-79.12768
1487475890215,-16.715073,-79.053345
1487475890222,-16.851439,-78.99352
1487475890224,-16.976954,-78.93231
1487475890233,-17.121798,-78.86404
1487475890235,-17.259283,-78.80393
1487475890244,-17.41278,-78.727135
1487475890248,-17.581558,-78.64089
1487475890252,-17.720304,-78.57369
1487475890263,-17.844618,-78.502235
1487475890266,-17.969276,-78.430664
1487475890273,-18.113659,-78.35188
1487475890276,-18.269936,-78.267426
1487475890284,-18.46569,-78.16851
1487475890286,-18.631166,-78.095695
1487475890296,-18.785715,-78.02149
1487475890299,-18.929247,-77.959595
1487475890303,-19.081429,-77.88917
1487475890305,-19.225964,-77.82022
1487475890314,-19.37099,-77.75804
1487475890316,-19.513136,-77.69295
1487475890322,-19.66252,-77.6334
1487475890324,-19.8007,-77.57252
1487475890332,-19.939306,-77.511536
1487475890334,-20.05488,-77.461876
1487475890344,-20.16239,-77.406815
1487475890346,-20.243322,-77.36035
1487475890351,-20.324492,-77.29295
1487475890353,-20.405907,-77.225494
1487475890363,-20.490881,-77.16773
1487475890365,-20.576078,-77.09593
1487475890371,-20.673351,-77.02524
1487475890373,-20.759024,-76.95324
1487475890382,-20.844933,-76.88815
1487475890384,-20.942965,-76.81013
1487475890393,-21.029354,-76.74484
1487475890395,-21.13116,-76.67642
1487475890401,-21.22997,-76.61213
1487475890403,-21.32905,-76.54068
1487475890413,-21.425169,-76.48754
1487475890415,-21.53357,-76.43552
1487475890422,-21.642302,-76.39051
1487475890424,-21.775452,-76.347786
1487475890431,-21.912222,-76.30779
1487475890433,-22.046198,-76.27208
1487475890443,-22.171667,-76.237946
1487475890445,-22.288536,-76.21253
1487475890450,-22.378204,-76.19631
1487475890452,-22.4803,-76.159775
1487475890461,-22.558273,-76.14239
1487475890463,-22.648676,-76.111824
1487475890470,-22.74247,-76.09838
1487475890472,-22.84246,-76.06617
1487475890480,-22.958147,-76.0307
1487475890482,-23.04959,-76.00726
1487475890493,-23.128963,-75.98986
1487475890496,-23.193125,-75.96849
1487475890500,-23.245165,-75.945946
1487475890502,-23.30972,-75.92456
1487475890511,-23.374475,-75.91761
1487475890513,-23.464176,-75.89858
1487475890520,-23.566532,-75.87351
1487475890522,-23.672266,-75.86572
1487475890530,-23.781343,-75.86076
1487475890533,-23.887651,-75.85303
1487475890544,-23.997303,-75.848114
1487475890547,-24.09778,-75.85213
1487475890550,-24.195457,-75.86063
1487475890552,-24.277815,-75.865166
1487475890561,-24.36342,-75.87983
1487475890563,-24.455767,-75.87554
1487475890569,-24.538818,-75.887474
1487475890571,-24.616089,-75.886505
1487475890580,-24.696613,-75.881065
1487475890582,-24.761768,-75.87889
1487475890593,-24.827154,-75.876724
1487475890595,-24.902466,-75.858345
1487475890600,-24.987783,-75.83839
1487475890601,-25.073448,-75.83305
1487475890610,-25.146736,-75.83381
1487475890612,-25.230143,-75.82566
1487475890619,-25.28552,-75.834076
1487475890621,-25.338343,-75.83958
1487475890630,-25.378754,-75.85105
1487475890633,-25.429422,-75.85356
1487475890643,-25.493275,-75.86468
1487475890645,-25.573177,-75.88006
1487475890649,-25.653505,-75.88812
1487475890651,-25.759949,-75.89897
1487475890660,-25.859598,-75.91435
1487475890662,-25.972557,-75.938576
1487475890669,-26.101664,-75.9599
1487475890671,-26.246962,-75.978355
1487475890679,-26.379808,-76.01026
1487475890681,-26.523405,-76.02604
1487475890688,-26.657244,-76.05823
1487475890691,-26.7785,-76.089096
1487475890698,-26.887089,-76.12603
1487475890700,-26.980257,-76.16604
1487475890710,-27.060665,-76.197205
1487475890712,-27.096628,-76.2253
1487475890718,-27.135538,-76.24892
1487475890720,-27.169437,-76.26647
1487475890728,-27.208906,-76.28258
1487475890731,-27.259197,-76.297226
1487475890738,-27.312412,-76.30746
1487475890740,-27.363327,-76.32205
1487475890750,-27.398773,-76.33195
1487475890752,-27.450329,-76.34647
1487475890759,-27.488956,-76.36673
1487475890769,-27.51463,-76.37785
1487475890771,-27.540586,-76.3963
1487475890782,-27.56681,-76.414665
1487475890784,-27.62483,-76.44262
1487475890794,-27.678173,-76.44957
1487475890796,-27.747599,-76.4836
1487475890799,-27.830667,-76.526855
1487475890801,-27.914095,-76.5776
1487475890810,-28.01125,-76.62285
1487475890812,-28.11738,-76.6712
1487475890818,-28.224012,-76.7197
1487475890820,-28.312963,-76.78244
1487475890828,-28.41825,-76.85034
1487475890830,-28.532871,-76.92143
1487475890837,-28.645811,-76.98211
1487475890839,-28.772991,-77.03006
1487475890847,-28.898626,-77.07503
1487475890851,-29.011461,-77.11817
1487475890860,-29.125027,-77.154015
1487475890862,-29.212046,-77.20076
1487475890867,-29.286045,-77.245476
1487475890869,-29.358465,-77.2795
1487475890877,-29.406303,-77.31992
1487475890880,-29.454695,-77.3528
1487475890886,-29.492037,-77.38669
1487475890888,-29.518248,-77.42898
1487475890896,-29.586094,-77.46304
1487475890899,-29.686127,-77.50836
1487475890910,-29.814257,-77.55846
1487475890913,-29.95684,-77.603676
1487475890917,-30.100115,-77.6417
1487475890920,-30.228176,-77.674286
1487475890927,-30.358904,-77.70293
1487475890929,-30.47632,-77.72936
1487475890936,-30.580349,-77.75355
1487475890938,-30.682951,-77.767006
1487475890947,-30.774029,-77.78146
1487475890949,-30.839449,-77.80195
1487475890960,-30.90524,-77.82249
1487475890962,-30.955456,-77.83715
1487475890966,-30.99385,-77.85265
1487475890968,-31.018492,-77.86556
1487475890976,-31.043432,-77.87841
1487475890979,-31.040495,-77.89351
1487475890986,-31.081957,-77.91225
1487475890988,-31.125517,-77.941956
1487475890997,-31.183468,-77.966805
1487475890999,-31.27002,-77.98955
1487475891010,-31.404741,-78.00816
1487475891012,-31.514992,-78.03597
1487475891018,-31.613062,-78.06465
1487475891020,-31.727365,-78.084465
1487475891028,-31.825949,-78.0982
1487475891031,-31.908762,-78.10583
1487475891036,-31.991793,-78.12114
1487475891038,-32.059006,-78.14555
1487475891045,-32.094345,-78.16515
1487475891047,-32.11385,-78.19372
1487475891059,-32.133568,-78.22985
1487475891061,-32.155144,-78.28465
1487475891065,-32.159264,-78.329544
1487475891067,-32.177982,-78.36964
1487475891076,-32.195347,-78.40618
1487475891078,-32.21456,-78.44615
1487475891085,-32.245274,-78.47443
1487475891087,-32.26345,-78.52598
1487475891094,-32.267498,-78.574425
1487475891097,-32.28621,-78.61821
1487475891109,-32.30369,-78.650795
1487475891111,-32.305565,-78.68423
1487475891114,-32.31071,-78.724625
1487475891116,-32.32909,-78.74936
1487475891126,-32.333344,-78.77841
1487475891128,-32.324886,-78.81528
1487475891134,-32.315277,-78.84084
1487475891136,-32.323174,-78.8767
1487475891144,-32.315495,-78.90559
1487475891147,-32.295002,-78.94216
1487475891154,-32.274742,-78.98612
1487475891158,-32.267807,-79.02209
1487475891164,-32.26376,-79.0727
1487475891169,-32.24419,-79.12367
1487475891176,-32.24055,-79.17401
1487475891178,-32.23712,-79.23174
1487475891183,-32.248306,-79.28533
1487475891184,-32.245266,-79.335335
1487475891193,-32.22677,-79.37799
1487475891195,-32.222935,-79.409035
1487475891203,-32.203705,-79.447685
1487475891204,-32.155907,-79.49388
1487475891213,-32.092823,-79.532394
1487475891215,-32.03009,-79.57798
1487475891225,-31.951086,-79.61948
1487475891226,-31.858168,-79.65671
1487475891232,-31.778986,-79.68597
1487475891234,-31.70135,-79.7259
1487475891245,-31.62312,-79.75416
1487475891247,-31.544352,-79.77817
1487475891252,-31.480387,-79.79818
1487475891262,-31.403622,-79.82501
1487475891264,-31.312141,-79.85101
1487475891276,-31.20793,-79.87628
1487475891278,-31.089163,-79.90048
1487475891282,-30.971025,-79.909386
1487475891284,-30.839376,-79.920944
1487475891293,-30.680195,-79.93823
1487475891294,-30.53671,-79.95535
1487475891302,-30.365812,-79.98523
1487475891304,-30.20974,-80.00388
1487475891313,-30.05441,-80.02174
1487475891315,-29.900549,-80.04988
1487475891325,-29.747387,-80.070076
1487475891327,-29.56714,-80.095345
1487475891332,-29.374546,-80.126495
1487475891333,-29.16834,-80.16266
1487475891342,-28.934938,-80.21342
1487475891344,-28.70332,-80.27375
1487475891352,-28.471615,-80.33175
1487475891354,-28.214443,-80.39742
1487475891362,-27.957481,-80.44655
1487475891364,-27.701908,-80.50097
1487475891375,-27.434244,-80.563065
1487475891377,-27.180962,-80.61015
1487475891382,-26.915255,-80.647125
1487475891383,-26.624874,-80.68425
1487475891396,-26.33616,-80.7264
1487475891398,-26.048695,-80.74929
1487475891401,-25.763628,-80.79209
1487475891403,-25.507025,-80.83725
1487475891411,-25.265074,-80.8897
1487475891413,-25.037899,-80.94705
1487475891425,-24.83825,-81.01414
1487475891427,-24.652584,-81.08241
1487475891431,-24.46756,-81.14978
1487475891433,-24.296585,-81.20958
1487475891442,-24.113527,-81.27459
1487475891444,-23.944086,-81.3477
1487475891451,-23.775127,-81.42011
1487475891453,-23.606632,-81.48533
1487475891461,-23.438608,-81.55634
1487475891463,-23.258331,-81.621864
1487475891475,-23.091064,-81.687325
1487475891477,-22.911436,-81.7431
1487475891481,-22.719736,-81.79971
1487475891482,-22.528486,-81.851364
1487475891492,-22.32545,-81.90793
1487475891497,-22.122944,-81.95948
1487475891501,-21.908504,-82.00114
1487475891503,-21.682379,-82.04334
1487475891511,-21.432241,-82.0874
1487475891514,-21.183086,-82.12421
1487475891525,-20.92262,-82.17185
1487475891527,-20.650928,-82.2178
1487475891531,-20.380342,-82.26699
1487475891533,-20.12299,-82.314
1487475891546,-19.87875,-82.352776
1487475891549,-19.647491,-82.389595
1487475891551,-19.429102,-82.42025
1487475891553,-19.22351,-82.44909
1487475891560,-19.01856,-82.4773
1487475891562,-18.81426,-82.50488
1487475891570,-18.598604,-82.5329
1487475891572,-18.383694,-82.55594
1487475891580,-18.181356,-82.58764
1487475891582,-17.967682,-82.62402
1487475891592,-17.754818,-82.65108
1487475891595,-17.542473,-82.680176
1487475891601,-17.29547,-82.71303
1487475891603,-17.037554,-82.740074
1487475891610,-16.768822,-82.767204
1487475891613,-16.477833,-82.79085
1487475891620,-16.16469,-82.80937
1487475891623,-15.841557,-82.818954
1487475891630,-15.508619,-82.81949
1487475891632,-15.200243,-82.81741
1487475891642,-14.893422,-82.81569
1487475891645,-14.599393,-82.82374
1487475891651,-14.363179,-82.84193
1487475891653,-14.173338,-82.85096
1487475891661,-13.995488,-82.87016
1487475891664,-13.851955,-82.891365
1487475891670,-13.720185,-82.905815
1487475891672,-13.599821,-82.92941
1487475891680,-13.468199,-82.951996
1487475891682,-13.348189,-82.97932
1487475891693,-13.217238,-82.99549
1487475891695,-13.07505,-83.016304
1487475891700,-12.933572,-83.03224
1487475891702,-12.79211,-83.04103
1487475891710,-12.640182,-83.04543
1487475891713,-12.477117,-83.05442
1487475891719,-12.314475,-83.05742
1487475891722,-12.141133,-83.06046
1487475891729,-11.968254,-83.063095
1487475891732,-11.806913,-83.06495
1487475891741,-11.63493,-83.06126
1487475891744,-11.463399,-83.05719
1487475891749,-11.291865,-83.062836
1487475891751,-11.131767,-83.06223
1487475891759,-10.983038,-83.06649
1487475891761,-10.8236885,-83.06525
1487475891768,-10.675676,-83.06338
1487475891772,-10.538941,-83.06641
1487475891779,-10.413432,-83.0634
1487475891781,-10.298586,-83.06445
1487475891792,-10.183972,-83.05982
1487475891798,-10.0695915,-83.055
1487475891800,-9.955449,-83.04997
1487475891809,-9.840975,-83.05478
1487475891811,-9.716448,-83.04956
1487475891818,-9.591606,-83.05416
1487475891820,-9.468162,-83.04933
1487475891828,-9.344401,-83.05428
1487475891830,-9.209531,-83.06917
1487475891841,-9.097046,-83.07346
1487475891843,-8.974041,-83.07769
1487475891848,-8.861405,-83.08616
1487475891850,-8.738259,-83.09992
1487475891859,-8.604632,-83.11355
1487475891861,-8.481967,-83.12681
1487475891868,-8.338176,-83.14
1487475891870,-8.2160015,-83.158104
1487475891878,-8.094725,-83.17132
1487475891880,-7.9730215,-83.19425
1487475891888,-7.8621726,-83.21689
1487475891890,-7.7522154,-83.2293
1487475891898,-7.642476,-83.24681
1487475891901,-7.5216665,-83.26342
1487475891908,-7.4010797,-83.27978
1487475891910,-7.2701626,-83.30118
1487475891917,-7.128226,-83.32163
1487475891919,-6.985094,-83.35645
1487475891927,-6.8226557,-83.37624
1487475891929,-6.6388173,-83.405525
1487475891941,-6.4344273,-83.434265
1487475891944,-6.229748,-83.46729
1487475891948,-6.0151005,-83.49982
1487475891949,-5.790542,-83.53701
1487475891958,-5.566519,-83.56854
1487475891960,-5.34302,-83.599625
1487475891966,-5.1192765,-83.640205
1487475891968,-4.8872967,-83.67067
1487475891977,-4.6559005,-83.695496
1487475891979,-4.406125,-83.715096
1487475891986,-4.16648,-83.739105
1487475891988,-3.9487035,-83.76337
1487475891999,-3.7416618,-83.79246
1487475892001,-3.5444715,-83.8261
1487475892008,-3.3485448,-83.85449
1487475892012,-3.1632123,-83.88269
1487475892016,-2.988415,-83.91581
1487475892018,-2.8047419,-83.93831
1487475892027,-2.6206257,-83.9652
1487475892029,-2.427718,-83.98651
1487475892035,-2.2352614,-84.007355
1487475892038,-2.0541823,-84.018196
1487475892047,-1.8626236,-84.03311
1487475892049,-1.6724112,-84.04774
1487475892058,-1.4917315,-84.06715
1487475892060,-1.3223498,-84.07665
1487475892065,-1.163309,-84.09116
1487475892067,-1.004622,-84.1003
1487475892075,-0.85621655,-84.104515
1487475892078,-0.70813787,-84.10841
1487475892085,-0.57920307,-84.11778
1487475892087,-0.42978004,-84.13085
1487475892096,-0.28065017,-84.14362
1487475892098,-0.13180912,-84.15608
1487475892107,0.02758372,-84.17266
1487475892110,0.19549063,-84.183495
1487475892115,0.3630543,-84.19891
1487475892117,0.5302727,-84.213974
1487475892126,0.69611925,-84.22373
1487475892129,0.8518482,-84.23367
1487475892135,1.0072486,-84.248184
1487475892137,1.1515312,-84.25796
1487475892147,1.2857783,-84.267975
1487475892149,1.4186556,-84.2776
1487475892158,1.5307387,-84.28315
1487475892160,1.6436372,-84.28851
1487475892166,1.7454858,-84.28926
1487475892168,1.8470733,-84.294624
1487475892175,1.9472622,-84.28988
1487475892177,2.0483148,-84.28987
1487475892184,2.1502624,-84.2946
1487475892186,2.2519705,-84.29909
1487475892195,2.3534398,-84.29849
1487475892197,2.4570427,-84.30767
1487475892207,2.5700476,-84.31105
1487475892209,2.6828337,-84.31903
1487475892214,2.8145618,-84.320435
1487475892215,2.9568172,-84.32582
1487475892227,3.1203637,-84.339424
1487475892229,3.2823827,-84.35251
1487475892234,3.4656267,-84.37376
1487475892236,3.6568005,-84.38403
1487475892244,3.8488436,-84.39901
1487475892246,4.048743,-84.402985
1487475892258,4.2387776,-84.41222
1487475892261,4.4297047,-84.42618
1487475892264,4.601413,-84.44153
1487475892266,4.772819,-84.45657
1487475892275,4.9358125,-84.4773
1487475892278,5.0878634,-84.49354
1487475892284,5.247759,-84.49878
1487475892285,5.4180384,-84.5127
1487475892294,5.5973806,-84.53016
1487475892296,5.7937617,-84.53562
1487475892307,6.0083904,-84.54359
1487475892309,6.213265,-84.55678
1487475892313,6.4256773,-84.55877
1487475892315,6.6283584,-84.56127
1487475892324,6.821362,-84.56435
1487475892333,6.994136,-84.56379
1487475892334,7.15597,-84.563324
1487475892343,7.310996,-84.56924
1487475892345,7.46436,-84.56964
1487475892356,7.6174297,-84.56973
1487475892358,7.7688107,-84.55962
1487475892363,7.9212847,-84.55909
1487475892364,8.082621,-84.55254
1487475892374,8.233075,-84.5415
1487475892377,8.393781,-84.53431
1487475892383,8.545055,-84.52787
1487475892386,8.696042,-84.52114
1487475892394,8.839103,-84.52047
1487475892396,8.989534,-84.513145
1487475892408,9.141146,-84.51541
1487475892410,9.28195,-84.51321
1487475892412,9.423979,-84.51142
1487475892414,9.562768,-84.50336
1487475892423,9.692251,-84.49615
1487475892426,9.821476,-84.488655
1487475892432,9.930904,-84.47792
1487475892434,10.032637,-84.473465
1487475892442,10.114637,-84.46129
1487475892444,10.198005,-84.458824
1487475892451,10.261688,-84.448746
1487475892453,10.335749,-84.44263
1487475892462,10.399109,-84.432274
1487475892464,10.474449,-84.42663
1487475892473,10.540696,-84.426674
1487475892478,10.615766,-84.425316
1487475892481,10.683371,-84.435
1487475892483,10.758172,-84.43337
1487475892492,10.841766,-84.43486
1487475892494,10.934126,-84.43944
1487475892501,11.01741,-84.44513
1487475892503,11.107786,-84.443985
1487475892511,11.199646,-84.45254
1487475892514,11.289665,-84.451
1487475892523,11.379499,-84.453804
1487475892526,11.460274,-84.45779
1487475892531,11.548046,-84.45031
1487475892533,11.628465,-84.453926
1487475892541,11.708718,-84.45283
1487475892543,11.781683,-84.462875
1487475892551,11.843933,-84.46883
1487475892554,11.8989525,-84.47693
1487475892561,11.953854,-84.48492
1487475892564,12.001577,-84.50416
1487475892574,12.049211,-84.52331
1487475892577,12.105571,-84.536385
1487475892581,12.179453,-84.55092
1487475892583,12.255002,-84.56618
1487475892591,12.337441,-84.574425
1487475892593,12.430339,-84.5909
1487475892600,12.531882,-84.60117
1487475892602,12.633277,-84.61127
1487475892611,12.741458,-84.61423
1487475892613,12.849458,-84.62148
1487475892623,12.946688,-84.624664
1487475892625,13.036845,-84.63461
1487475892630,13.11626,-84.64054
1487475892632,13.204252,-84.64472
1487475892641,13.295827,-84.65957
1487475892643,13.374793,-84.66499
1487475892650,13.455498,-84.67119
1487475892652,13.544765,-84.67561
1487475892661,13.623286,-84.67158
1487475892663,13.694882,-84.678955
1487475892673,13.785641,-84.688324
1487475892676,13.874334,-84.692085
1487475892680,13.971542,-84.694
1487475892682,14.0791855,-84.695015
1487475892691,14.193359,-84.69316
1487475892693,14.298697,-84.68832
1487475892700,14.410518,-84.67609
1487475892702,14.5327215,-84.67183
1487475892710,14.644114,-84.66358
1487475892712,14.75529,-84.65509
1487475892724,14.866255,-84.650826
1487475892726,14.966412,-84.63813
1487475892730,15.068371,-84.63516
1487475892732,15.148934,-84.62011
1487475892740,15.241942,-84.6185
1487475892742,15.332721,-84.606766
1487475892749,15.41475,-84.596634
1487475892751,15.505136,-84.58894
1487475892759,15.60385,-84.57475
1487475892762,15.7193985,-84.55664
1487475892773,15.83469,-84.542694
1487475892775,15.941235,-84.53035
1487475892780,16.058157,-84.521385
1487475892782,16.172722,-84.511055
1487475892790,16.287035,-84.50045
1487475892792,16.398949,-84.48403
1487475892798,16.504293,-84.47038
1487475892800,16.60941,-84.4609
1487475892809,16.71647,-84.44788
1487475892811,16.829563,-84.435936
1487475892823,16.942402,-84.4193
1487475892825,17.061193,-84.39923
1487475892829,17.173512,-84.386444
1487475892831,17.285583,-84.37337
1487475892841,17.378387,-84.35851
1487475892845,17.47096,-84.34343
1487475892849,17.561028,-84.31814
1487475892851,17.644756,-84.304665
1487475892858,17.736614,-84.2845
1487475892873,17.828234,-84.26849
1487475892876,17.930262,-84.24696
1487475892878,18.03206,-84.22957
1487475892880,18.144272,-84.21539
1487475892890,18.247944,-84.203094
1487475892892,18.362051,-84.18963
1487475892898,18.473589,-84.17468
1487475892900,18.595541,-84.15853
1487475892908,18.725538,-84.14429
1487475892910,18.844639,-84.12197
1487475892917,18.971739,-84.10151
1487475892919,19.090328,-84.078606
1487475892927,19.192202,-84.064255
1487475892929,19.280787,-84.04064
1487475892940,19.371565,-84.02244
1487475892942,19.443262,-84.00292
1487475892947,19.504087,-83.97988
1487475892949,19.558971,-83.96463
1487475892957,19.608706,-83.94232
1487475892959,19.652523,-83.92351
1487475892967,19.685465,-83.90564
1487475892969,19.710032,-83.8857
1487475892977,19.742567,-83.86336
1487475892979,19.777443,-83.846565
1487475892989,19.812138,-83.825356
1487475892994,19.85737,-83.8073
1487475892997,19.92387,-83.79558
1487475892999,19.99577,-83.775665
1487475893008,20.086338,-83.756355
1487475893010,20.184824,-83.73439
1487475893016,20.293823,-83.71103
1487475893019,20.402607,-83.69178
1487475893027,20.516638,-83.66415
1487475893029,20.614246,-83.64122
1487475893039,20.703564,-83.62057
1487475893041,20.781944,-83.59656
1487475893046,20.85473,-83.58054
1487475893049,20.91661,-83.56125
1487475893057,20.956854,-83.555115
1487475893059,21.002321,-83.5407
1487475893066,21.039595,-83.528755
1487475893072,21.07673,-83.51673
1487475893078,21.113724,-83.50898
1487475893081,21.16408,-83.505516
1487475893091,21.22234,-83.503685
1487475893093,21.277714,-83.49609
1487475893097,21.332949,-83.48404
1487475893099,21.404028,-83.47093
1487475893107,21.480143,-83.453674
1487475893109,21.556051,-83.43191
1487475893115,21.647703,-83.40458
1487475893118,21.75222,-83.37031
1487475893125,21.853607,-83.33007
1487475893128,21.954666,-83.28953
1487475893140,22.055399,-83.24868
1487475893142,22.15293,-83.20621
1487475893145,22.242193,-83.16618
1487475893148,22.331121,-83.125885
1487475893156,22.427607,-83.07819
1487475893158,22.515854,-83.03734
1487475893165,22.608694,-82.983376
1487475893168,22.6992,-82.947624
1487475893175,22.786425,-82.90593
1487475893177,22.873312,-82.85965
1487475893189,22.959862,-82.81741
1487475893192,23.049084,-82.78057
1487475893195,23.137993,-82.73915
1487475893198,23.22659,-82.701775
1487475893206,23.314873,-82.65982
1487475893209,23.402842,-82.6219
1487475893214,23.485796,-82.58808
1487475893216,23.57934,-82.55669
1487475893225,23.672617,-82.52935
1487475893227,23.781128,-82.49137
1487475893239,23.912546,-82.448235
1487475893242,24.051315,-82.40162
1487475893245,24.194252,-82.35008
1487475893247,24.341272,-82.28495
1487475893255,24.480103,-82.23099
1487475893258,24.618456,-82.17652
1487475893264,24.742247,-82.108986
1487475893267,24.854649,-82.04703
1487475893279,24.955648,-81.97781
1487475893282,25.045227,-81.9057
1487475893284,25.119038,-81.839714
1487475893288,25.181452,-81.771
1487475893295,25.23908,-81.71103
1487475893297,25.281097,-81.65315
1487475893306,25.31934,-81.58946
1487475893308,25.360502,-81.527054
1487475893313,25.401247,-81.46452
1487475893315,25.44911,-81.3985
1487475893325,25.485579,-81.33005
1487475893327,25.54759,-81.25694
1487475893334,25.60912,-81.18361
1487475893335,25.68167,-81.09323
1487475893344,25.738691,-81.01808
1487475893346,25.806612,-80.925835
1487475893356,25.859005,-80.84462
1487475893358,25.918285,-80.75968
1487475893364,25.976976,-80.67453
1487475893365,26.042498,-80.58128
1487475893375,26.107405,-80.48778
1487475893377,26.171576,-80.40881
1487475893384,26.253647,-80.33225
1487475893386,26.32412,-80.25965
1487475893393,26.401505,-80.183136
1487475893396,26.474773,-80.1113
1487475893405,26.554958,-80.0355
1487475893408,26.649494,-79.96257
1487475893412,26.739876,-79.88372
1487475893423,26.829824,-79.80025
1487475893425,26.930399,-79.72255
1487475893433,27.030853,-79.659424
1487475893438,27.138214,-79.58787
1487475893444,27.2452,-79.52025
1487475893446,27.355637,-79.45784
1487475893455,27.469564,-79.40065
1487475893458,27.564882,-79.345245
1487475893463,27.667624,-79.29642
1487475893465,27.784483,-79.24379
1487475893475,27.893858,-79.190445
1487475893478,27.992496,-79.15021
1487475893482,28.087658,-79.12353
1487475893484,28.182632,-79.08806
1487475893493,28.274193,-79.06619
1487475893495,28.372734,-79.03588
1487475893505,28.471838,-79.02054
1487475893510,28.552639,-79.0074
1487475893512,28.644384,-78.99571
1487475893514,28.736015,-78.98386
1487475893522,28.813334,-78.97562
1487475893524,28.893702,-78.957596
1487475893531,28.981886,-78.950676
1487475893533,29.06601,-78.94225
1487475893542,29.150036,-78.92515
1487475893544,29.237936,-78.91779
1487475893555,29.325748,-78.91031
1487475893558,29.416533,-78.89294
1487475893562,29.497108,-78.885
1487475893564,29.569607,-78.86563
1487475893573,29.627947,-78.85439
1487475893575,29.67919,-78.84719
1487475893581,29.715319,-78.828476
1487475893583,29.74436,-78.81385
1487475893591,29.766327,-78.803345
1487475893595,29.777193,-78.78706
1487475893605,29.778036,-78.789024
1487475893607,29.7748,-78.7811
1487475893611,29.753475,-78.77592
1487475893613,29.743155,-78.77223
1487475893621,29.710688,-78.765724
1487475893624,29.678165,-78.75501
1487475893630,29.630453,-78.74167
1487475893632,29.560522,-78.72567
1487475893648,29.465433,-78.71694
1487475893651,29.341064,-78.7057
1487475893652,29.191473,-78.706215
1487475893654,29.01249,-78.70444
1487475893663,28.815157,-78.7061
1487475893664,28.610569,-78.7125
1487475893671,28.394556,-78.718216
1487475893673,28.16707,-78.718994
1487475893680,27.943432,-78.72144
1487475893681,27.719486,-78.72877
1487475893692,27.495228,-78.732315
1487475893694,27.270658,-78.73641
1487475893700,27.034521,-78.74
1487475893702,26.78677,-78.738785
1487475893710,26.531584,-78.746796
1487475893712,26.28026,-78.75627
1487475893722,26.024292,-78.76555
1487475893729,25.765133,-78.78044
1487475893731,25.505579,-78.7959
1487475893733,25.257,-78.80841
1487475893741,24.99666,-78.82057
1487475893746,24.740232,-78.83392
1487475893749,24.476316,-78.847534
1487475893752,24.22344,-78.866844
1487475893759,23.965843,-78.8772
1487475893761,23.712206,-78.89296
1487475893770,23.458189,-78.90917
1487475893771,23.21531,-78.92649
1487475893779,22.97208,-78.948685
1487475893780,22.74005,-78.97194
1487475893789,22.526434,-78.992
1487475893791,22.319717,-79.008194
1487475893799,22.117157,-79.0295
1487475893800,21.907158,-79.0598
1487475893809,21.708517,-79.09096
1487475893810,21.516846,-79.11821
1487475893820,21.334927,-79.137184
1487475893824,21.160007,-79.14775
1487475893829,20.992105,-79.15898
1487475893830,20.824005,-79.17508
1487475898843,2.0759711,-84.86717
1487475898852,2.0873783,-84.86054
1487475898854,2.0913868,-84.85186
1487475898862,2.0880172,-84.8411
1487475898864,2.0940933,-84.827805
1487475898871,2.1044378,-84.810455
1487475898873,2.1147685,-84.79821
1487475898882,2.1134493,-84.78794
1487475898884,2.1048036,-84.77557
1487475898891,2.096144,-84.76319
1487475898893,2.0874703,-84.75079
1487475898901,2.0787838,-84.73839
1487475898903,2.0817294,-84.72403
1487475898913,2.0868452,-84.7051
1487475898915,2.1014235,-84.693924
1487475898922,2.1181757,-84.67307
1487475898924,2.146568,-84.65542
1487475898932,2.174954,-84.63777
1487475898935,2.1960542,-84.618034
1487475898947,2.2244275,-84.61062
1487475898950,2.2455213,-84.59601
1487475898954,2.2687826,-84.57682
1487475898955,2.3036683,-84.56081
1487475898963,2.3479884,-84.54743
1487475898964,2.3944561,-84.53458
1487475898970,2.4503396,-84.51922
1487475898972,2.5177896,-84.506996
1487475898981,2.5851884,-84.49473
1487475898982,2.643114,-84.47979
1487475898990,2.6799994,-84.46926
1487475898992,2.7095897,-84.44642
1487475899000,2.727587,-84.42554
1487475899002,2.736148,-84.40203
1487475899011,2.72371,-84.37281
1487475899015,2.7018356,-84.34606
1487475899020,2.6872437,-84.31635
1487475899021,2.6820745,-84.28924
1487475899033,2.6747754,-84.26164
1487475899034,2.6747754,-84.23615
1487475899040,2.6653428,-84.20295
1487475899041,2.663213,-84.182045
1487475899050,2.6516507,-84.15342
1487475899052,2.6568198,-84.12955
1487475899062,2.6525533,-84.10301
1487475899064,2.6671445,-84.08687
1487475899070,2.6817293,-84.06562
1487475899072,2.705733,-84.04702
1487475899080,2.7370095,-84.03057
1487475899082,2.768263,-84.01924
1487475899089,2.799497,-84.007935
1487475899091,2.82856,-84.00123
1487475899100,2.864853,-84.001816
1487475899102,2.9032633,-83.992714
1487475899111,2.9373116,-83.992836
1487475899113,2.9619124,-83.99541
1487475899119,2.977075,-83.9953
1487475899121,2.9943757,-83.99061
1487475899132,3.007282,-83.99511
1487475899134,3.0129418,-83.98721
1487475899139,3.0279512,-83.98713
1487475899141,3.0407248,-83.98652
1487475899150,3.032476,-83.990166
1487475899152,3.035766,-83.99704
1487475899162,3.0296304,-84.00116
1487475899165,3.0306087,-84.01258
1487475899169,3.0243812,-84.02178
1487475899172,3.0297263,-84.02404
1487475899179,3.0256636,-84.02864
1487475899181,3.0286934,-84.04055
1487475899189,3.0245588,-84.045135
1487475899191,3.020397,-84.0497
1487475899200,3.0139334,-84.053696
1487475899202,3.0167994,-84.06556
1487475899212,3.0218983,-84.07287
1487475899215,3.0246787,-84.08472
1487475899219,3.0413542,-84.09025
1487475899221,3.0557075,-84.10545
1487475899231,3.070027,-84.12067
1487475899233,3.0772464,-84.13365
1487475899238,3.0961046,-84.13977
1487475899240,3.1126342,-84.15556
1487475899248,3.1127436,-84.1612
1487475899251,3.1315408,-84.177574
1487475899262,3.1316195,-84.188324
1487475899267,3.1316845,-84.19907
1487475899270,3.136387,-84.20586
1487475899272,3.1410832,-84.21264
1487475899281,3.145776,-84.21943
1487475899283,3.145776,-84.22455
1487475899288,3.1574457,-84.227936
1487475899298,3.180786,-84.22448
1487475899301,3.213458,-84.244286
1487475899312,3.2554588,-84.26688
1487475899315,3.3044603,-84.29168
1487475899320,3.3534367,-84.32156
1487475899322,3.4023952,-84.346306
1487475899329,3.4350095,-84.355774
1487475899335,3.4559715,-84.3619
1487475899338,3.467611,-84.36523
1487475899340,3.479247,-84.368546
1487475899348,3.488567,-84.37134
1487475899350,3.488567,-84.376434
1487475899357,3.4978871,-84.37923
1487475899359,3.4978871,-84.37923
1487475899367,3.5072072,-84.38201
1487475899370,3.5072072,-84.37692
1487475899378,3.495571,-84.37869
1487475899380,3.495571,-84.373604
1487475899387,3.4909382,-84.37763
1487475899388,3.4792984,-84.3794
1487475899397,3.4769788,-84.378876
1487475899400,3.474659,-84.378334
1487475899407,3.4606965,-84.374466
1487475899409,3.4676933,-84.37673
1487475899417,3.463047,-84.37565
1487475899419,3.4677138,-84.38247
1487475899430,3.4723804,-84.38419
1487475899432,3.477037,-84.38592
1487475899437,3.4816935,-84.387634
1487475899439,3.4863431,-84.38936
1487475899447,3.5026395,-84.38423
1487475899449,3.5259092,-84.381386
1487475899457,3.5421927,-84.376274
1487475899459,3.5561395,-84.37061
1487475899467,3.5793798,-84.36778
1487475899470,3.590966,-84.371796
1487475899479,3.595582,-84.36844
1487475899482,3.616452,-84.37018
1487475899487,3.621058,-84.361725
1487475899489,3.632607,-84.35555
1487475899497,3.6371992,-84.341995
1487475899500,3.6417882,-84.32844
1487475899507,3.644016,-84.31434
1487475899509,3.6485977,-84.30077
1487475899516,3.6508086,-84.28666
1487475899518,3.6553771,-84.26799
1487475899529,3.666872,-84.25672
1487475899531,3.6807177,-84.2409
1487475899536,3.6921923,-84.23473
1487475899538,3.715313,-84.22178
1487475899546,3.729139,-84.200874
1487475899548,3.7522438,-84.18793
1487475899555,3.7777135,-84.165344
1487475899557,3.8031745,-84.14787
1487475899565,3.8076956,-84.134315
1487475899568,3.8238711,-84.11398
1487475899578,3.8307645,-84.09589
1487475899581,3.8283825,-84.074905
1487475899585,3.826,-84.05902
1487475899588,3.823618,-84.038025
1487475899597,3.8445518,-84.023926
1487475899599,3.8723688,-84.01216
1487475899605,3.8932936,-84.003174
1487475899608,3.9234848,-83.99707
1487475899619,3.9444005,-83.98808
1487475899621,3.9909778,-83.97631
1487475899630,4.03776,-83.95871
1487475899633,4.07049,-83.95239
1487475899637,4.098466,-83.950066
1487475899639,4.114808,-83.944336
1487475899646,4.1102676,-83.92724
1487475899650,4.1149826,-83.90791
1487475899654,4.1127915,-83.87605
1487475899656,4.1360126,-83.85736
1487475899665,4.1568823,-83.853424
1487475899667,4.196257,-83.85522
1487475899677,4.254116,-83.86273
1487475899678,4.32824,-83.85426
1487475899684,4.3838344,-83.84513
1487475899685,4.381622,-83.838684
1487475899694,4.3169103,-83.83906
1487475899696,4.310003,-83.83671
1487475899703,4.310003,-83.83162
1487475899704,4.298417,-83.83334
1487475899714,4.2636395,-83.84361
1487475899715,4.2473555,-83.849396
1487475899723,4.2426643,-83.84837
1487475899725,4.2472153,-83.84002
1487475899734,4.2679133,-83.84197
1487475899735,4.2793484,-83.84616
1487475899743,4.3023725,-83.843544
1487475899745,4.313787,-83.85283
1487475899755,4.348392,-83.8638
1487475899756,4.3853445,-83.865105
1487475899764,4.43152,-83.86928
1487475899766,4.486903,-83.87633
1487475899778,4.5330367,-83.88558
1487475899787,4.5699306,-83.886894
1487475899789,4.6068125,-83.88821
1487475899829,4.638961,-83.89362
1487475899832,4.680304,-83.90699
1487475899836,4.712418,-83.9175
1487475899838,4.742145,-83.93261
1487475899840,4.7650194,-83.94026
1487475899853,4.7878847,-83.95299
1487475899855,4.799166,-83.97252
1487475899856,4.8128133,-83.98238
1487475899873,4.8264537,-83.997314
1487475899882,4.830892,-84.00431
1487475899885,4.842137,-84.02385
1487475899887,4.841794,-84.04002
1487475899888,4.843823,-84.05161
1487475899889,4.855037,-84.06101
1487475899892,4.875431,-84.07329
1487475899904,4.8982034,-84.080986
1487475899907,4.9117837,-84.0858
1487475899920,4.9345374,-84.093506
1487475899921,4.9572845,-84.10122
1487475899922,4.9824214,-84.109406
1487475899924,5.0051465,-84.117134
1487475899934,5.0302687,-84.12533
1487475899936,5.0577884,-84.12893
1487475899937,5.0896564,-84.144615
1487475899939,5.1171613,-84.148224
1487475899940,5.144657,-84.16195
1487475899948,5.162985,-84.16772
1487475899950,5.183717,-84.16889
1487475899952,5.202039,-84.17466
1487475899953,5.213606,-84.17294
1487475899954,5.2251697,-84.17122
1487475899955,5.2251697,-84.16616
1487475899956,5.2251697,-84.16616
1487475899959,5.227574,-84.1565
1487475899962,5.2251697,-84.156044
1487475899966,5.2343297,-84.14882
1487475899974,5.2343297,-84.13871
1487475899982,5.2343297,-84.12859
1487475899983,5.241082,-84.12092
1487475899986,5.241082,-84.1108
